$ANSIBLE_VAULT;1.1;AES256
65643062626631396365373365373265633438323134366238396136653935333061343736353630
3835313834396664626165376235396238363232306339640a353930376536656261663338346333
65303939313330356330303932633937326665386361623861346430636534666638353832336132
3338303734326365330a363766313462643462646539386266643730633038623063373963396632
61393836356266336661353261323636383639366163656332386537376430663163393064313365
33373439353233623536613465393830633561613366303331343938643337303631326632633435
32373834353838643837393438363638666663346330653933656137363132313062363061383163
32666436336237353936393765653134383061633562313163373830613438396539393363636161
63343337623138386135353131383730373162643935623962623134346431623735323237653539
33346339666131353061313130646335366432646161313666656261376430343964393638333538
32386335326162393633383038303934343535326663373337363331656336323537626262663364
63353235663137346131613739663062313232353633613332346432366135613630373635323966
33393337666563666164343666643638656165653736323731316165333835613835646535336132
63333864623362333639663637626163643764303932373561666133336436393835623338666636
36356631346161323166626238306332653232316531383436633239643034346262326234316531
62623864653032623130636266336361663661336133613662346438646130333038356431623565
65333034326435616234316261306237373630373633623364336532386636323562376334363766
35613839646165363662343664326366313538666363333861383333323134373734373939616138
37633137326166636539353265623332633434663066613063383461643364333231656337333935
36353039393965383931316635376335336662356533333164373130613132333230363234396533
61376461393434643733613037336634336564366663613532306464336431613933363863316266
32306237373362636461396532393061366233373734323764303662396363613766333831356362
64356538303766656632336136666138316431366438323066616635323537396430653463663264
63666537353963386537396434663664316132316263343035306432663762643162386137623366
32303537353231336338303835303438653437643733363462383637343262353661333735353935
62306364303939336466663430623464326134616233626263616564306538613333363130343232
34643635623730316638393030316431353962353835663966316134646366346532656264643336
38336232366439663936363636356563646138616661663839303439663162643635663134343039
64366231353363386362393639313530646466316631353966353762386538333263373535393035
35393738383864393539386238653962313634316261363731346331663731373632666332396532
65336332326464613333386266373634616538373934373636633537363466313835643035326134
65363433616635303361643665643337623237643238613035343563306236643531346438663836
63366431663735366563336136656234383137633163363538353938336231393538643664363239
34343864316166363731373563643462396339633137396532613135356630633365313039613530
35326365613862613765636166356438643563626338616130386261323030666539353536636137
30666637353264383266336161663039363936376536356139643434303536306566396365373363
33616230363237383364626565306330346538646236366539616163303163636532396634316132
33393630376137363331633864333834323161663531393632306330376331613639663439373432
32636337316164303633383738376531386366626463373461616566333331373037633738333431
32636363643865616133643435343938643331623765366133313839303463643261363139303539
31316163363663643465363733366433383632623263636364383935393632326430373330613465
62643233653435353636626361393361303131356431383766616430623336356262393361656230
39613466396236393835666531323265356132323734383733326434316335663836656161303131
66656265353663636431356432323439613862326636396661393566363563303861343561333835
35306364643333666362386537323830353433383366613636383737613739356333343939336234
66333331393662623361313237303763623163646433373834663134356562336263396433313762
31353733613837636561643562653630623235613731343235373831316635623636613233663534
63353136616436646331616231323064616536326138393766366234396163663237666161343466
63623938616638653666343661656237316163376336613933393232313265666363663535383861
32373335666335643933366265356166323137383938623738373664313866623134323065383933
30316333636632336663383933643739633632656565383237396162643334613834323534303830
36366566393234356231663735373461626365666333363037373066376163326161613736323664
61656232653333643936393436303639393665366539613638343734663632333933393362616535
32343164393363326435626438346337613930646461353332343731653439383936316436363163
64353336343961376662396637303933633965646438623933343062356537656538346334626434
34613330356534356465316665353534613239653137336337626563333738663062313463353131
36393032363038363539616264313136393234373461306637323533653062383835393966643838
35303163366135313332336563376139643162353635396465626535323161633537663833613830
38373765623561643736303438623930343063323639653263626233313034326636356638333064
37656435333935393532313666303665653036386431353531383937313232653934616166666439
36393065323762353034326330396132353533363831353631323830333638656539613163393832
30336166313435313736333432303732313365633131633937626639353432636637353439653939
64336639393139316161613936346239653364303934373437623337353666633761623461373063
34613635363833323030363062393039623362303862353238633330303538663134366165663866
35666131383436333565366562353235666134386363343761303661666634386262343935333263
36313039316464356237613162653338313737626464356134373138663162313761663364376535
65616338626435356439663466633264356661376435623662346465623139666666313462646664
61303561363637376437393966343734613936663137306432613464636430326639643137623437
64623362656535653036393563373234346361393465646264663239663130396531303730333431
36643462336663353762303738376166363732333164386562623232666337383861346261303938
37386266656338316230313530643433646538333666323034346564323435356531613031396565
66313938646131373462323730663139323161393634396337643036366232623733363564643465
37633437646238613566663866666333663932316635313464656566613232346133393337666133
30376363383438346436636632396232326132353334376136663038636564356530303534353837
39343637393663626138633738663435323736343139656636646531656661666132636634306636
37666534643830663437646633393839633862326632653939636636613236396538353939633863
31646136363533346633656664626438336463616234613935366536326165363231373564373035
38326262633065366462636235346664366361343934386263653431633662623537653137376635
36356137326135343534616362383633393530396537346138666637313230653063333434646233
39393964376161333534393464646366633433383766663335373732666431643432626239373238
65303336653535636237666430653839326633363232363133303661643634313363326136333437
62386333386365383438663831373334306339383561346331323561376437313162663166323130
34323965653263303731663661313566306666363366366234313733393639373937306633313866
63373962356632363065386533333033616262343163643439646434383430343332663535626465
30643039336434383936316239303337376130613630333430353230323861323832623339633531
62663237626162623132623164396534643436316634333233333361616334363436646263363461
62656231323338343561626430623131393462386630396663666437613033386139366663383032
61313037653634373731656565323066343766366562643565373631333566366235653938363762
63623365643665393461363566346562383234376662653136633936366135303838656538303432
38346661353039656632333862643639613335383331616132383138613862396432663061306466
37323730333130306664373464346633383766393565336539386137336531326238386264303537
30666137373830353864323235356637316666636465336162643032386136613137643230323839
33393338626664656562356338323633373239663662323039306534636561656439373965323461
37663538663737666238356366313632326437373433613939346565656233343163363532663239
34383438333534336639356532386239623065313764366635366337643034383766653633353032
31343634666262373837373031353733393465653939343835316162356230623031646466343936
36393662646535626139366165626336303266313761393264373663333562626138343637303065
63616463626163346361373562366464336130653061653637353233663435636139363737323932
30653362393765316136626562396137623830666165656161633435623162656430363135323361
64396230613862356366663437643665353933386239383937653830366139626636386366303135
36383761343363366534656239383061333661383933316261356630306465636532653034646132
65366536313562646164376438666666636539643337643937613331333436623733613866653762
62653363376466386638633566356233333761363966346465353666326462346134616539636338
61613164313530353930376465336365323931333336656430636464353565643038626134383730
62613564643566303964393866303563366137373462623632633238386161663736363836383636
36313065323861323739303161313635303636313530336634386134383434313932353261646232
32666138646362326262393463323062633730626638356136646430376138663738646630326363
34386261353166623133623935326637626465333034326439376439616362303635633261646161
36616535666566646135363066323539353130366362323432393936393965363638643064663161
37336433383537623966653564623638623736653465653234353665626430376163346430666430
66343237313436343230323964363462643861363363646239306636373166623838366365626563
31633761663361383839313935313165316531613161316430386162326130396638393036313036
30663561346262653632323764663164613132646635376535333633343062616233613363346564
63303361303261663364663966613565633331666232313630666131373764626339623636333237
37643062326133383539336538343265333439333964326337343233323233393232353739336463
63393838373761613166383661323135316135383430333636366331326535663037613061656361
66303636613338333432323033346431336632623764313539396336303236303039343761623966
33636361323234343931656663363437323862313635633233636532333837663935623933626534
38333231393730313766366435316133346361306465646531333536356365343765303134343166
63633932663039396134633662626437646137613861393234386231316232356630646435353934
30313466323465633835333335643261636366343062366630313364633939336138646537346461
38616335613032356566363530383064306537323438303164303235613239313264323665386163
34323338633531333738353938646337326537653131643764626666383938363233666463653363
33643161383763376134386633393937633565353461383061383365303435326662663631613431
63343365386333366130653335633466336439633734636163613661396634653161366236633066
35376637343333303763303565303234376231393231336465333632303533343765616638663365
32643664653836653931326663393531353731363666356465343236656533323031353634663261
37316264653837653231356630333132356261316465343061613064303964303033313061323263
65393835336433393930343761303932623161646532363161373863653834336334633030386432
63396663373139363932373230336636313832323162366134653832333732396432336432666134
38623034353133323662333931306639626261366265653238326430353563303834646664316236
31363266623832343737393366396636326437393439323666653835666439663165376133306432
66373139353661363236373930373137323164616531656466616437383032653461333162363039
63633430316166313732336534336235366365366264353466666635386665636665646463363331
32643330386536633865346163663636313261366537333032613566313737386135386532306237
36623835386237613636313039383065666632306531633631656563666538656365333831613531
34306432353866616534393131613364633564366634646262336539633933326164626533633661
31353134663434653835393738313861626330383733383137363437373063363861383037313936
34653735303533386230393065396539336431313261303131313736363161393966666535393861
37326232646630623866346535383561303835663536646266653166323032613633386530303761
66323030636666393535663965303464656364623133363338313437336462613437303030613065
34376439633430303733303839366161393038356136643133373765373235633461336230343963
34326165666431363239633262343539363133383964333261336166326332373236653164653033
66336339633061366134623662656234326235363666323861343635636534656133323237613937
30303336353563326466303938393665306139383264326637323666653964633762346565343737
36623434366339633766623534613035323535363636373961616233373164663334613039313366
31393935633866393531323664343334653566366439353862653331373431646362306161363139
36383564373138386162363637356133356637623765376536323565663438303363333366613233
30653539323362613565636665303634633762663636303065363263313536376130613264616237
64623765373561626533393033663134633933376537316631633163366433613231396564343866
63653230623632663738643566353536383664386161386539356163613633373265313437383363
63383638363533653334353238363934663433396230343166656331663461393163616264316239
38313562393934653039323339616438626564363737353830363164626564386333646564313838
65643435623863333539303736303034343233316164306365346666623938373638633638613238
36376438386531363562383235666336393632353365333236373832303562613639396531663439
39363239656538653032326262323033666666363764626666656638316263623135356261376535
37346362616532396437363663396637633835616661653661353731356263326362323361663165
39393637666131326535336432663534303262306434363262633462353639623864376266363665
66643632353937353064363439303234353562656264626134636431353130653362653430636231
33653233373061346536313130316235353335643762613036393139623737623735643866623533
34636466623263336539343335643830613233623030316562633234333030383239366135353732
33383566316564386661303730333833306232616664353263656433373738393766663630306437
64613062643061333265333564663962386363386237303338333631373833323862323134333064
38343635323232386664306538353638643634623732633538633066646634363538646630356463
38373639313836376662633833333436346438393733323433623466373535333438633937333431
30366266336165336361353236386531313564376332363733376131303833656666643335393038
65613837653232613839313134666334313836353434316461346265636638343564363136346565
35666666613839643334
