$ANSIBLE_VAULT;1.1;AES256
64363636613033653630653130333661336336623461333265383266663431383134383530646136
3735653939323937333735623738613062303835643965640a353137373439646262656436653933
35636661383435623034353765653535346435643138666465633935376434633931653836373935
6434663361313763330a616263396231386562373465646137393837366261313131643439646332
66333565633564323364613433383665336361303465653435626635653736383832323136323862
37353563383539646439363131373035396432666635393039373634303961303961653932383535
34376230643364343232373034323465633535643564313262373966313665656631393862323066
66633266303834613539633937633962383137623839313636633239383333386534353239313537
32363733356565633839643563376564663564356565633964353537643664363961386165396437
31393433323265366430653961336563306464363839633462323038366631303661336333353539
30363536366263326261353462366430306433343765336630636336383664393039343831663733
32376266303133356636313733353738393764623036396530653462336230313132323335323939
61356163373132616137663762303433353364616639393638343564333566666463316665373537
34373037376536643036373863623634653166653365383766366631366566363637643163643864
62663131313765633066356337643231623039343231306435316535643936343132333764316639
65666164663035386339653332373764393432386264353666383635363730383930356534633661
63333438643562643437383633663232616261306336343431356265366663653632326130326361
63303338383265333832323638666137313031333835363031396634363363366334633831363939
34323463656235343631616265336463393534353639656137373362633065333430366262626364
35656662343438373331653330326235613934313133343836663063366130613666303234653761
36346466643364613564356637393432656636313661356436353636353232303538306431323037
66623939613961653631623136376636343938316663396262353962373935303335653239653835
34343832656436613964303230376533373661356464306238383832346631623761363638376261
66373266393238313835653864303639643166636130366635326264376561333866333233303364
65363161346535306130373734623337623934383430316631303266653764333938373936376335
33343932323965326437303430333235663761343331633262663139643337333765656130323961
33303934363633373265373164316239613132663764356262336135333630353137656536333361
65386238303331356539666239633230613461636533363536666237326435383136393937373365
62373830346639333538653965323466663465326534353830316338356563376538633365373133
65356239313731326438343935343038643933303332633237333031303439616431636166323133
35643031393465633336383936653364306539623965383836383937653030396131306162316435
34353435366663633962313537303139383934666266623564316365663466373237336365616138
64623631323139333234336238363963623062313239393635393330633934303538323832343832
38636461383531303533653539353562346161383939643531643438646530643238353235393734
66333162326630393266646438306266323938333836353735653366653366303738663836396139
34666264623439393031386161653162386134326231616433623431653566306464323732373332
31376335616531666237366334393132306636346138633634626632636338353336343865323264
64303739666166653035623339316130666632393631353536623639316635326135386638346231
64353661363137363736353534653337356336646264396566333661333634336166656664633632
35303561383130393135363462626632396639393830663637626639633639663261386131623363
30656661313638316231656232323138663834336562376238663936326230633437633039616563
66303262303534363832666239356563383339613437356632663266323462633131626633333365
62623330366664323439613838653539356434636133643832316332333164336563623264643462
61373565303761376138356562343137653864356563353334663739336131386361636363323530
39663763633933616535663665343137366339336134616263363835636464366533373763313164
33626636353635313435636436353830303732303130383831623961653664356464633965383134
61303565623363333536616263316433306437633566656631373835356230373333346230636330
34616437323261616236323136653063643031616131383832386562373234303633313763356133
39643465316535613262373165373330376430323338313536336666363838633138633233393939
35343836366633313639376664656439333162333462656661643831653638373239373830316537
32363937336364323135326462636432326534376639316433643538316135383463666538356136
66656637643131303663333835373837353930663839636664393637393163313333303734323064
32303361323137333263656438303964313764623239306432373730303763373162373161323137
39633738323261636632656538656533313530373861323130336331643934373131626333373430
66353465383864653338323430336362323338383662643461393361643838303365633437323733
62396630636133663237353363333861636331666531383436613164353931373262323330663461
31613330666230646165303438653236346232343530353566383530653365396466333834323637
39616232396432343264373739663033303963346562633035396138353638333364323466643566
33363335373563626533653433613937646433383366306238336465363462393339333134356235
39336133336538666265653931653265633232353762643366323765316136616439616433333765
66343866396138376563626238663438303663623430333231663139343236353130373435313063
35363037663931306634343463366430306339613965313435346565313632353664353130313332
34326363323436623235346236313237383236303537343632363638636462363434613431373862
38333332313539613864663736326530313435373933633565343566366337326434363930363636
34373335326365323263303866633262373061633761306631613862323838666136303238303136
62363565313034626235646565346665663239396630626566333532343238303461366361613030
35343563393032313331333939663263306639666165393236373563666434663961646539623261
36366634323963663235323563616633616432326539386431386139343365383131663335376661
34386230353435313531663765346336626464306662663065343366366662643961356335343034
39613032626464623033343631383361323632303439613965343936653534613932396338613539
33323463646435323561393336333861643663343337373233316131353638306363366639393765
34616530396330323435333165393333616631313362663636643135316535363934653361373937
64346537343739363237303563343531666239333736366265643865333634333661303138323534
36623430643265636239616264626132316563643130333030303039646133643566616431353666
30326236396533383230643662303665383161373838326266616639343733316637353064623363
64316364323231653536656162316466323439326465313739316662326363363434653436383962
30303339646238663630613561323265393361343139616632346536336231376435336335326337
38373563623961373139383530363864386336363938666530663066306130373233656261636164
34616635323666366561653030326438313333356633666138343231663632316138313662653963
33303961313133363830626434616665313131383931303137323637373634636233626363356131
39376539303137353839313466663034383164623836373764353163366534666263336662373731
62356630383738306438633431643238613133346139363933376639383638626564626432646363
39353062383062636166396136616634663136343634396361643635613933343666393730323532
65313835346663333733316162333630626635666330393766633930646661626663333934303334
30326638333536383233366562646235336436656136346461393161373331616438663433346565
33333562653534313135333530623435306163623132376539363661613266643337363832326661
31613866313164613365643833616261306535383836363661386665633761343266393633306636
64356133313736383131633237666466386565646231366663386639363264353332323832323938
37323665653736313437633139376234626430626461343736353636343934613838343264623334
64643436363163393363313062316632653839356232653564373562613832633934646263333531
65633266323763353566626533636264616435316238323138653837346338303036393333363634
32343164313534306364643036316262393236383530316331323562373066666263336561663634
32626139343435363235373836376231663661633533373362306464613366346266343962313261
31346630313465356334373032386366366364323266373264356161336662613231623264656530
62643532663032313766666639373961323866303931366439383564656538336532626235663961
35346635653635616333643062303736386636616635376232323730613861383663633838613738
33323730616334636362313731383434656631363865396632333066363637343836336334636465
66633064616336346131373464633132303030336135376533323466376666313263656361613839
38386637346238346264353031353135363764396133376333653963643635313566653731383638
32336166663764323462616564646366356365356162613731326561353035363831313938363364
33356165346261616130663739386330326431626138373066663333383165383237393162326162
62616436353531386132616166353365336261393537366431623431366564396239333934316265
39646238313030356130653062336633316433363832646537656135313964373339343832306534
66386161643731643765363539393332363562373232393832653634613232626363363066363166
30653766646135633637303764316137323437643037363938633039336564333166313432633562
38343437306261636430666137376365643637343664376639343535383637656239346330336434
35343437646663326433313539366361316137316335643633336431336164653139373466333637
31633837386364393562323430323535613538323536656632666663333533393335386439643839
35653237373162333464303865643366663930326137386334376566333564343061333038343262
30393135626438636632396465316233363531616431396661623963376430646563623433633330
66613663363861343763643939633334373630383466313131343461393964656537626335656439
32653932366264346230313766626237643738613031623130623766663135306635363438373566
36333632356565366135656564383531336634363864383163663139366434383465356136613563
65623935663230663737313039663133373833636565363161313536383762303662346165326230
38313639653165316337646565366463393064396261336665373835383539663833313032356530
30633435393633636262636438616432356636373532353662396239353931316238303964373131
30633733303761386165316437376664373964396235306236636235346235343531613233316262
38613137313361323763396564356236326265343763613139306232376466323035353834313361
30653936303038613338656138623661613132633339653735646539303564323435353965316661
62633637326533396161323531393630396534363661633366376534326530363534353532346539
36306637363736303132643430656635633761313134326337333734313066623334336636323138
37306235313136656665623136633032346666613732376536666233636530336238363838343830
38333837383632316438396234623130646437643733636630373033393832393661313938306132
35393038396231646363336333336464343633643534303037626535653634363739336461303234
64623831623635626363363265626166643831373861343764313862386133316430646564376333
65343932653235353331636531663438303030613331613838386636333636306666643966386432
64393066383431326430393437613461376235303964626337653862373464353433353761616134
34616166393636313064363134666131313464306666396465326532303430303738383162636431
34383632346637396264656435323832373135656661326630633335383862623438646532323561
62363861643733333261333065306164653239653361313631306532633162386366363135343334
64616134346538393466353631336166616263633266376565613434306661303731623937373061
61363365336234663235323131313066616532666439633435643035306662353065643030643934
39633865366630666565633333363363383630636431633965343039343262353032646133353062
6135376265353064626265363939663933356630376138626439
